"시군","축종","발생량","퇴비화","액비화","정화방류","공동자원화","공공처리장","경축순환","농협퇴비장","부산물비료","액비유통","정화방류__1","기타"
"대구광역시","합계",157096,149261,7835,0,0,0,0,0,0,0,0,0
"대구광역시","한육우",84748,84748,0,0,0,0,0,0,0,0,0,0
"대구광역시","젖소",24191,24191,0,0,0,0,0,0,0,0,0,0
"대구광역시","돼지",15495,7660,7835,0,0,0,0,0,0,0,0,0
"대구광역시","닭오리",32661,32661,0,0,0,0,0,0,0,0,0,0
"인천광역시","합계",323922,259569,9997,18244,0,17753,0,0,0,0,0,18359
"인천광역시","한육우",111846,111817,0,0,0,0,0,0,0,0,0,29
"인천광역시","젖소",49414,49414,0,0,0,0,0,0,0,0,0,0
"인천광역시","돼지",86308,22070,9997,18244,0,17753,0,0,0,0,0,18244
"인천광역시","닭오리",76355,76268,0,0,0,0,0,0,0,0,0,87
"광주광역시","합계",74110,50792,9018,0,0,42,0,0,10393,3865,0,0
"광주광역시","한육우",23262,23240,0,0,0,22,0,0,0,0,0,0
"광주광역시","젖소",10651,9615,0,0,0,0,0,0,1036,0,0,0
"광주광역시","돼지",16804,3921,9018,0,0,0,0,0,0,3865,0,0
"광주광역시","닭오리",23393,14016,0,0,0,20,0,0,9357,0,0,0
"울산광역시","합계",240388,122745,15690,4890,2913,9651,0,0,83613,0,0,886
"울산광역시","한육우",168047,106827,0,0,1250,0,0,0,59970,0,0,0
"울산광역시","젖소",16953,10173,0,0,0,0,0,0,6780,0,0,0
"울산광역시","돼지",37558,5745,15690,4890,719,9651,0,0,863,0,0,0
"울산광역시","닭오리",17830,0,0,0,944,0,0,0,16000,0,0,886
"세종특별자치시","합계",487084,244880,74150,10320,35,36827,0,0,120846,0,0,26
"세종특별자치시","한육우",119092,95263,0,0,0,0,0,0,23819,0,0,10
"세종특별자치시","젖소",95195,76153,0,0,0,0,0,0,19039,0,0,3
"세종특별자치시","돼지",177689,56345,74150,10320,35,36827,0,0,0,0,0,12
"세종특별자치시","닭오리",95108,17119,0,0,0,0,0,0,77988,0,0,1
"수원시","합계",10128,10128,0,0,0,0,0,0,0,0,0,0
"수원시","한육우",2050,2050,0,0,0,0,0,0,0,0,0,0
"수원시","젖소",7926,7926,0,0,0,0,0,0,0,0,0,0
"수원시","돼지",15,15,0,0,0,0,0,0,0,0,0,0
"수원시","닭오리",137,137,0,0,0,0,0,0,0,0,0,0
"성남시","합계",1215,1215,0,0,0,0,0,0,0,0,0,0
"성남시","한육우",30,30,0,0,0,0,0,0,0,0,0,0
"성남시","젖소",0,0,0,0,0,0,0,0,0,0,0,0
"성남시","돼지",0,0,0,0,0,0,0,0,0,0,0,0
"성남시","닭오리",1185,1185,0,0,0,0,0,0,0,0,0,0
"의정부시","합계",3140,3140,0,0,0,0,0,0,0,0,0,0
"의정부시","한육우",975,975,0,0,0,0,0,0,0,0,0,0
"의정부시","젖소",2037,2037,0,0,0,0,0,0,0,0,0,0
"의정부시","돼지",0,0,0,0,0,0,0,0,0,0,0,0
"의정부시","닭오리",128,128,0,0,0,0,0,0,0,0,0,0
"안양시","합계",938,302,0,0,0,344,0,0,292,0,0,0
"안양시","한육우",435,0,0,0,0,143,0,0,292,0,0,0
"안양시","젖소",0,0,0,0,0,0,0,0,0,0,0,0
"안양시","돼지",503,302,0,0,0,201,0,0,0,0,0,0
"안양시","닭오리",0,0,0,0,0,0,0,0,0,0,0,0
"부천시","합계",159,159,0,0,0,0,0,0,0,0,0,0
"부천시","한육우",115,115,0,0,0,0,0,0,0,0,0,0
"부천시","젖소",0,0,0,0,0,0,0,0,0,0,0,0
"부천시","돼지",0,0,0,0,0,0,0,0,0,0,0,0
"부천시","닭오리",44,44,0,0,0,0,0,0,0,0,0,0
"광명시","합계",9294,9294,0,0,0,0,0,0,0,0,0,0
"광명시","한육우",5701,5701,0,0,0,0,0,0,0,0,0,0
"광명시","젖소",220,220,0,0,0,0,0,0,0,0,0,0
"광명시","돼지",2997,2997,0,0,0,0,0,0,0,0,0,0
"광명시","닭오리",376,376,0,0,0,0,0,0,0,0,0,0
"평택시","합계",1834048,1640454,140370,39536,0,0,0,13688,0,0,0,0
"평택시","한육우",417962,417962,0,0,0,0,0,0,0,0,0,0
"평택시","젖소",240726,239718,0,0,0,0,0,1008,0,0,0,0
"평택시","돼지",243117,60168,140370,39536,0,0,0,3043,0,0,0,0
"평택시","닭오리",932243,922606,0,0,0,0,0,9637,0,0,0,0
"동두천시","합계",101478,31254,0,0,0,20465,0,0,49759,0,0,0
"동두천시","한육우",3070,3070,0,0,0,0,0,0,0,0,0,0
"동두천시","젖소",8504,8504,0,0,0,0,0,0,0,0,0,0
"동두천시","돼지",40145,19680,0,0,0,20465,0,0,0,0,0,0
"동두천시","닭오리",49759,0,0,0,0,0,0,0,49759,0,0,0
"안산시","합계",16556,15754,64,0,0,0,0,0,735,0,0,3
"안산시","한육우",9066,9064,0,0,0,0,0,0,0,0,0,2
"안산시","젖소",5862,5861,0,0,0,0,0,0,0,0,0,1
"안산시","돼지",894,830,64,0,0,0,0,0,0,0,0,0
"안산시","닭오리",735,0,0,0,0,0,0,0,735,0,0,0
"고양시","합계",188365,107471,11950,2437,0,0,0,29707,0,33031,0,3769
"고양시","한육우",28158,18824,2092,426,0,0,0,6160,0,92,0,564
"고양시","젖소",67027,49661,5519,1127,0,0,0,9027,0,352,0,1341
"고양시","돼지",63201,25965,2892,590,0,0,0,0,0,32493,0,1261
"고양시","닭오리",29978,13020,1448,295,0,0,0,14520,0,93,0,602
"과천시","합계",0,0,0,0,0,0,0,0,0,0,0,0
"과천시","한육우",0,0,0,0,0,0,0,0,0,0,0,0
"과천시","젖소",0,0,0,0,0,0,0,0,0,0,0,0
"과천시","돼지",0,0,0,0,0,0,0,0,0,0,0,0
"과천시","닭오리",0,0,0,0,0,0,0,0,0,0,0,0
"구리시","합계",3730,3730,0,0,0,0,0,0,0,0,0,0
"구리시","한육우",1005,1005,0,0,0,0,0,0,0,0,0,0
"구리시","젖소",2725,2725,0,0,0,0,0,0,0,0,0,0
"구리시","돼지",0,0,0,0,0,0,0,0,0,0,0,0
"구리시","닭오리",0,0,0,0,0,0,0,0,0,0,0,0
"남양주시","합계",138263,83135,0,0,0,8296,46807,0,0,0,0,25
"남양주시","한육우",45610,30266,0,0,0,0,15335,0,0,0,0,9
"남양주시","젖소",69408,41249,0,0,0,5240,22905,0,0,0,0,14
"남양주시","돼지",10189,3769,0,0,0,3056,3362,0,0,0,0,2
"남양주시","닭오리",13055,7851,0,0,0,0,5204,0,0,0,0,0
"오산시","합계",9389,9389,0,0,0,0,0,0,0,0,0,0
"오산시","한육우",2890,2890,0,0,0,0,0,0,0,0,0,0
"오산시","젖소",3165,3165,0,0,0,0,0,0,0,0,0,0
"오산시","돼지",0,0,0,0,0,0,0,0,0,0,0,0
"오산시","닭오리",3334,3334,0,0,0,0,0,0,0,0,0,0
"시흥시","합계",25024,24874,0,0,0,150,0,0,0,0,0,0
"시흥시","한육우",14171,14171,0,0,0,0,0,0,0,0,0,0
"시흥시","젖소",4445,4445,0,0,0,0,0,0,0,0,0,0
"시흥시","돼지",4888,4738,0,0,0,150,0,0,0,0,0,0
"시흥시","닭오리",1520,1520,0,0,0,0,0,0,0,0,0,0
"군포시","합계",2002,2002,0,0,0,0,0,0,0,0,0,0
"군포시","한육우",1605,1605,0,0,0,0,0,0,0,0,0,0
"군포시","젖소",0,0,0,0,0,0,0,0,0,0,0,0
"군포시","돼지",0,0,0,0,0,0,0,0,0,0,0,0
"군포시","닭오리",397,397,0,0,0,0,0,0,0,0,0,0
"의왕시","합계",1606,1606,0,0,0,0,0,0,0,0,0,0
"의왕시","한육우",1070,1070,0,0,0,0,0,0,0,0,0,0
"의왕시","젖소",0,0,0,0,0,0,0,0,0,0,0,0
"의왕시","돼지",67,67,0,0,0,0,0,0,0,0,0,0
"의왕시","닭오리",469,469,0,0,0,0,0,0,0,0,0,0
"하남시","합계",2502,2502,0,0,0,0,0,0,0,0,0,0
"하남시","한육우",1085,1085,0,0,0,0,0,0,0,0,0,0
"하남시","젖소",1417,1417,0,0,0,0,0,0,0,0,0,0
"하남시","돼지",0,0,0,0,0,0,0,0,0,0,0,0
"하남시","닭오리",0,0,0,0,0,0,0,0,0,0,0,0
"용인시","합계",664207,189454,29399,134508,211234,84132,0,11483,0,0,3997,0
"용인시","한육우",55425,42769,0,0,11326,0,0,1330,0,0,0,0
"용인시","젖소",48754,29504,0,0,19250,0,0,0,0,0,0,0
"용인시","돼지",389091,69813,29399,134508,57089,84132,0,10153,0,0,3997,0
"용인시","닭오리",170937,47368,0,0,123569,0,0,0,0,0,0,0
"파주시","합계",675523,514297,68474,9776,0,58306,0,4978,1066,18498,0,128
"파주시","한육우",60306,60227,0,0,0,0,0,79,0,0,0,0
"파주시","젖소",294447,268300,19493,1789,0,3680,0,1001,0,184,0,0
"파주시","돼지",216760,84083,48981,7987,0,54626,0,2641,0,18314,0,128
"파주시","닭오리",104008,101686,0,0,0,0,0,1256,1066,0,0,0
"이천시","합계",1208615,802228,33090,274520,0,4172,0,1523,89832,3250,0,0
"이천시","한육우",103965,103153,0,0,0,0,0,137,675,0,0,0
"이천시","젖소",372758,369398,0,0,0,911,0,0,2449,0,0,0
"이천시","돼지",575134,219801,33090,274520,0,3262,0,1340,39871,3250,0,0
"이천시","닭오리",156758,109876,0,0,0,0,0,45,46837,0,0,0
"안성시","합계",1476340,554738,201565,140663,172917,25453,0,89496,272128,19380,0,0
"안성시","한육우",447485,223743,0,0,134246,0,0,89496,0,0,0,0
"안성시","젖소",247661,173363,74298,0,0,0,0,0,0,0,0,0
"안성시","돼지",509066,157632,127267,140663,38671,25453,0,0,0,19380,0,0
"안성시","닭오리",272128,0,0,0,0,0,0,0,272128,0,0,0
"김포시","합계",263075,102616,0,25707,64050,0,0,0,64048,6618,0,36
"김포시","한육우",40388,24103,0,0,8139,0,0,0,8138,0,0,8
"김포시","젖소",58979,29535,0,0,14716,0,0,0,14716,0,0,12
"김포시","돼지",78913,23348,0,25707,11613,0,0,0,11611,6618,0,16
"김포시","닭오리",84796,25630,0,0,29583,0,0,0,29583,0,0,0
"화성시","합계",989740,710853,135,120,9274,50480,73,0,202288,16360,0,157
"화성시","한육우",127583,127547,10,0,0,0,0,0,0,0,0,26
"화성시","젖소",416654,416489,52,30,0,0,0,0,0,0,0,83
"화성시","돼지",242820,166495,72,90,9202,50480,72,0,0,16360,0,49
"화성시","닭오리",202683,323,0,0,72,0,0,0,202288,0,0,0
"광주시","합계",86347,41935,0,0,0,2527,0,0,40167,0,0,1718
"광주시","한육우",24107,24100,0,0,0,7,0,0,0,0,0,0
"광주시","젖소",19306,17731,0,0,0,1575,0,0,0,0,0,0
"광주시","돼지",2736,73,0,0,0,945,0,0,0,0,0,1718
"광주시","닭오리",40198,31,0,0,0,0,0,0,40167,0,0,0
"양주시","합계",391615,232177,639,59653,0,0,0,46488,38177,6650,0,7831
"양주시","한육우",45174,44271,0,0,0,0,0,0,0,0,0,903
"양주시","젖소",129156,126573,0,0,0,0,0,0,0,0,0,2583
"양주시","돼지",119306,23861,639,59653,0,0,0,19722,6395,6650,0,2386
"양주시","닭오리",97980,37472,0,0,0,0,0,26766,31783,0,0,1959
"포천시","합계",1022268,580945,30227,116595,47151,29036,0,0,168606,0,49708,0
"포천시","한육우",71732,71732,0,0,0,0,0,0,0,0,0,0
"포천시","젖소",246588,195953,0,0,0,927,0,0,0,0,49708,0
"포천시","돼지",342428,54947,30227,116595,30204,28109,0,0,82346,0,0,0
"포천시","닭오리",361521,258314,0,0,16947,0,0,0,86260,0,0,0
"여주시","합계",902766,699793,0,18840,0,32470,0,0,110680,40983,0,0
"여주시","한육우",83988,69748,0,0,0,6675,0,0,7565,0,0,0
"여주시","젖소",206889,196166,0,0,0,10723,0,0,0,0,0,0
"여주시","돼지",376819,289922,0,18840,0,15072,0,0,12002,40983,0,0
"여주시","닭오리",235070,143958,0,0,0,0,0,0,91112,0,0,0
"연천군","합계",569475,296234,6954,16644,29803,41880,0,26773,16309,0,0,134878
"연천군","한육우",36309,25104,0,0,0,0,0,312,0,0,0,10893
"연천군","젖소",154889,100629,0,0,0,1447,0,6346,0,0,0,46467
"연천군","돼지",189582,30882,6954,16644,29803,40433,0,9984,5663,0,0,49219
"연천군","닭오리",188699,139620,0,0,0,0,0,10132,10647,0,0,28300
"가평군","합계",237904,85487,0,3537,0,13429,0,0,135427,0,0,24
"가평군","한육우",42029,38703,0,0,0,0,0,0,3318,0,0,8
"가평군","젖소",58771,40732,0,0,0,7282,0,0,10745,0,0,12
"가평군","돼지",17368,6053,0,3537,0,6146,0,0,1629,0,0,3
"가평군","닭오리",119736,0,0,0,0,0,0,0,119736,0,0,0
"양평군","합계",429991,366257,0,0,63734,0,0,0,0,0,0,0
"양평군","한육우",86063,63096,0,0,22967,0,0,0,0,0,0,0
"양평군","젖소",75311,59381,0,0,15930,0,0,0,0,0,0,0
"양평군","돼지",97807,81818,0,0,15989,0,0,0,0,0,0,0
"양평군","닭오리",170808,161961,0,0,8847,0,0,0,0,0,0,0
"춘천시","합계",171147,89726,4147,20492,2128,0,0,0,43410,0,0,11244
"춘천시","한육우",88359,78367,0,0,1156,0,0,0,0,0,0,8836
"춘천시","젖소",9838,8588,0,0,267,0,0,0,0,0,0,983
"춘천시","돼지",28505,1737,4147,20492,704,0,0,0,0,0,0,1425
"춘천시","닭오리",44444,1034,0,0,0,0,0,0,43410,0,0,0
"원주시","합계",223975,163868,0,29806,0,20495,0,0,0,9806,0,0
"원주시","한육우",59531,59531,0,0,0,0,0,0,0,0,0,0
"원주시","젖소",15343,15343,0,0,0,0,0,0,0,0,0,0
"원주시","돼지",100415,40308,0,29806,0,20495,0,0,0,9806,0,0
"원주시","닭오리",48685,48685,0,0,0,0,0,0,0,0,0,0
"강릉시","합계",123842,105218,0,8224,0,0,0,0,0,10365,0,35
"강릉시","한육우",42964,42964,0,0,0,0,0,0,0,0,0,0
"강릉시","젖소",9109,9109,0,0,0,0,0,0,0,0,0,0
"강릉시","돼지",60400,41776,0,8224,0,0,0,0,0,10365,0,35
"강릉시","닭오리",11369,11369,0,0,0,0,0,0,0,0,0,0
"동해시","합계",6765,6765,0,0,0,0,0,0,0,0,0,0
"동해시","한육우",4675,4675,0,0,0,0,0,0,0,0,0,0
"동해시","젖소",0,0,0,0,0,0,0,0,0,0,0,0
"동해시","돼지",121,121,0,0,0,0,0,0,0,0,0,0
"동해시","닭오리",1968,1968,0,0,0,0,0,0,0,0,0,0
"태백시","합계",15980,13103,0,0,0,2877,0,0,0,0,0,0
"태백시","한육우",7916,7916,0,0,0,0,0,0,0,0,0,0
"태백시","젖소",0,0,0,0,0,0,0,0,0,0,0,0
"태백시","돼지",5826,2949,0,0,0,2877,0,0,0,0,0,0
"태백시","닭오리",2238,2238,0,0,0,0,0,0,0,0,0,0
"속초시","합계",2321,2321,0,0,0,0,0,0,0,0,0,0
"속초시","한육우",2250,2250,0,0,0,0,0,0,0,0,0,0
"속초시","젖소",0,0,0,0,0,0,0,0,0,0,0,0
"속초시","돼지",0,0,0,0,0,0,0,0,0,0,0,0
"속초시","닭오리",71,71,0,0,0,0,0,0,0,0,0,0
"삼척시","합계",62591,60279,1147,0,0,0,0,0,1165,0,0,0
"삼척시","한육우",49535,49535,0,0,0,0,0,0,0,0,0,0
"삼척시","젖소",0,0,0,0,0,0,0,0,0,0,0,0
"삼척시","돼지",7526,6379,1147,0,0,0,0,0,0,0,0,0
"삼척시","닭오리",5531,4366,0,0,0,0,0,0,1165,0,0,0
"홍천군","합계",258936,228460,13726,2659,0,14091,0,0,0,0,0,0
"홍천군","한육우",124482,124482,0,0,0,0,0,0,0,0,0,0
"홍천군","젖소",27026,27026,0,0,0,0,0,0,0,0,0,0
"홍천군","돼지",69515,39039,13726,2659,0,14091,0,0,0,0,0,0
"홍천군","닭오리",37913,37913,0,0,0,0,0,0,0,0,0,0
"횡성군","합계",360344,247732,0,7202,20429,4197,0,0,74147,6637,0,0
"횡성군","한육우",228508,181013,0,0,13433,0,0,0,34062,0,0,0
"횡성군","젖소",41144,41144,0,0,0,0,0,0,0,0,0,0
"횡성군","돼지",39650,10327,0,7202,6996,4197,0,0,4291,6637,0,0
"횡성군","닭오리",51043,15248,0,0,0,0,0,0,35795,0,0,0
"영월군","합계",102177,79528,18000,0,0,0,0,0,4649,0,0,0
"영월군","한육우",57711,57383,0,0,0,0,0,0,328,0,0,0
"영월군","젖소",0,0,0,0,0,0,0,0,0,0,0,0
"영월군","돼지",22354,3644,18000,0,0,0,0,0,710,0,0,0
"영월군","닭오리",22112,18501,0,0,0,0,0,0,3611,0,0,0
"평창군","합계",89876,78649,11227,0,0,0,0,0,0,0,0,0
"평창군","한육우",56716,56716,0,0,0,0,0,0,0,0,0,0
"평창군","젖소",19898,19898,0,0,0,0,0,0,0,0,0,0
"평창군","돼지",11408,181,11227,0,0,0,0,0,0,0,0,0
"평창군","닭오리",1855,1855,0,0,0,0,0,0,0,0,0,0
"정선군","합계",43506,41479,0,0,0,0,2027,0,0,0,0,0
"정선군","한육우",42935,40908,0,0,0,0,2027,0,0,0,0,0
"정선군","젖소",0,0,0,0,0,0,0,0,0,0,0,0
"정선군","돼지",145,145,0,0,0,0,0,0,0,0,0,0
"정선군","닭오리",427,427,0,0,0,0,0,0,0,0,0,0
"철원군","합계",567289,343415,0,9433,57744,52797,0,0,10862,93035,0,3
"철원군","한육우",72617,72617,0,0,0,0,0,0,0,0,0,0
"철원군","젖소",137839,137839,0,0,0,0,0,0,0,0,0,0
"철원군","돼지",265876,84765,0,9433,25843,52797,0,0,0,93035,0,3
"철원군","닭오리",90956,48193,0,0,31901,0,0,0,10862,0,0,0
"화천군","합계",105668,48677,7527,19431,0,0,0,0,30033,0,0,0
"화천군","한육우",29278,29278,0,0,0,0,0,0,0,0,0,0
"화천군","젖소",2202,2202,0,0,0,0,0,0,0,0,0,0
"화천군","돼지",30966,4008,7527,19431,0,0,0,0,0,0,0,0
"화천군","닭오리",43222,13189,0,0,0,0,0,0,30033,0,0,0
"양구군","합계",57477,40172,0,0,256,0,17049,0,0,0,0,0
"양구군","한육우",37164,36908,0,0,256,0,0,0,0,0,0,0
"양구군","젖소",0,0,0,0,0,0,0,0,0,0,0,0
"양구군","돼지",10918,3265,0,0,0,0,7653,0,0,0,0,0
"양구군","닭오리",9396,0,0,0,0,0,9396,0,0,0,0,0
"인제군","합계",48264,47131,1133,0,0,0,0,0,0,0,0,0
"인제군","한육우",25398,25398,0,0,0,0,0,0,0,0,0,0
"인제군","젖소",0,0,0,0,0,0,0,0,0,0,0,0
"인제군","돼지",9065,7932,1133,0,0,0,0,0,0,0,0,0
"인제군","닭오리",13801,13801,0,0,0,0,0,0,0,0,0,0
"고성군","합계",53211,43917,2695,0,0,0,0,0,0,6599,0,0
"고성군","한육우",37814,37814,0,0,0,0,0,0,0,0,0,0
"고성군","젖소",0,0,0,0,0,0,0,0,0,0,0,0
"고성군","돼지",9388,94,2695,0,0,0,0,0,0,6599,0,0
"고성군","닭오리",6010,6010,0,0,0,0,0,0,0,0,0,0
"양양군","합계",69463,30725,0,0,0,0,0,0,7301,31437,0,0
"양양군","한육우",25443,25443,0,0,0,0,0,0,0,0,0,0
"양양군","젖소",0,0,0,0,0,0,0,0,0,0,0,0
"양양군","돼지",43614,4876,0,0,0,0,0,0,7301,31437,0,0
"양양군","닭오리",406,406,0,0,0,0,0,0,0,0,0,0
"청주시","합계",744002,300162,7887,60152,47018,49107,232641,0,39050,7887,0,98
"청주시","한육우",314782,188869,0,0,0,0,125913,0,0,0,0,0
"청주시","젖소",147925,73963,0,44377,0,0,0,0,29585,0,0,0
"청주시","돼지",157744,12620,7887,15775,47018,49107,7887,0,9465,7887,0,98
"청주시","닭오리",123552,24711,0,0,0,0,98841,0,0,0,0,0
"충주시","합계",446459,237564,23117,3639,0,11558,0,0,160527,0,0,10054
"충주시","한육우",116257,108685,0,0,0,0,0,0,5015,0,0,2557
"충주시","젖소",18357,12818,0,0,0,0,0,0,5135,0,0,404
"충주시","돼지",117212,71684,23117,3639,0,11558,0,0,4403,0,0,2811
"충주시","닭오리",194633,44377,0,0,0,0,0,0,145975,0,0,4281
"제천시","합계",185960,98925,24228,0,20299,0,0,0,42508,0,0,0
"제천시","한육우",86029,86029,0,0,0,0,0,0,0,0,0,0
"제천시","젖소",6839,6839,0,0,0,0,0,0,0,0,0,0
"제천시","돼지",50585,6058,24228,0,20299,0,0,0,0,0,0,0
"제천시","닭오리",42508,0,0,0,0,0,0,0,42508,0,0,0
"보은군","합계",270857,158380,0,0,0,20844,0,0,83055,8578,0,0
"보은군","한육우",140644,112515,0,0,0,0,0,0,28129,0,0,0
"보은군","젖소",36039,28831,0,0,0,0,0,0,7208,0,0,0
"보은군","돼지",46456,17034,0,0,0,20844,0,0,0,8578,0,0
"보은군","닭오리",47718,0,0,0,0,0,0,0,47718,0,0,0
"옥천군","합계",159586,130096,343,0,0,0,23492,0,0,5655,0,0
"옥천군","한육우",89869,72040,0,0,0,0,17829,0,0,0,0,0
"옥천군","젖소",8683,8683,0,0,0,0,0,0,0,0,0,0
"옥천군","돼지",6413,415,343,0,0,0,0,0,0,5655,0,0
"옥천군","닭오리",54620,48958,0,0,0,0,5662,0,0,0,0,0
"영동군","합계",134125,111446,2628,0,0,0,0,0,0,20051,0,0
"영동군","한육우",49210,48361,849,0,0,0,0,0,0,0,0,0
"영동군","젖소",16719,15938,781,0,0,0,0,0,0,0,0,0
"영동군","돼지",28136,27138,998,0,0,0,0,0,0,0,0,0
"영동군","닭오리",40060,20009,0,0,0,0,0,0,0,20051,0,0
"증평군","합계",62868,48024,2014,7929,0,2895,0,0,0,0,0,2006
"증평군","한육우",21232,21232,0,0,0,0,0,0,0,0,0,0
"증평군","젖소",8628,8628,0,0,0,0,0,0,0,0,0,0
"증평군","돼지",17852,5014,2014,7929,0,2895,0,0,0,0,0,0
"증평군","닭오리",15155,13149,0,0,0,0,0,0,0,0,0,2006
"진천군","합계",430209,157743,5367,70307,10269,18647,10306,0,157570,0,0,0
"진천군","한육우",53876,44429,0,0,0,0,2202,0,7245,0,0,0
"진천군","젖소",80237,55726,0,0,0,1154,2624,0,20733,0,0,0
"진천군","돼지",204878,46725,5367,70307,10269,17493,2838,0,51879,0,0,0
"진천군","닭오리",91217,10863,0,0,0,0,2642,0,77712,0,0,0
"괴산군","합계",342712,170738,5423,4381,27117,16735,62945,55373,0,0,0,0
"괴산군","한육우",85049,69242,0,0,0,0,15807,0,0,0,0,0
"괴산군","젖소",9096,9096,0,0,0,0,0,0,0,0,0,0
"괴산군","돼지",146057,92401,5423,4381,27117,16735,0,0,0,0,0,0
"괴산군","닭오리",102511,0,0,0,0,0,47138,55373,0,0,0,0
"음성군","합계",514427,123147,5339,52678,0,0,0,0,265470,19038,3443,45312
"음성군","한육우",103975,72783,0,0,0,0,0,0,0,0,0,31192
"음성군","젖소",44583,24917,5339,8987,0,0,0,0,0,0,0,5340
"음성군","돼지",90366,11671,0,43691,0,0,0,0,3744,19038,3443,8779
"음성군","닭오리",275501,13775,0,0,0,0,0,0,261726,0,0,0
"단양군","합계",46349,28591,5011,418,0,0,0,0,0,0,0,12329
"단양군","한육우",15592,15592,0,0,0,0,0,0,0,0,0,0
"단양군","젖소",399,399,0,0,0,0,0,0,0,0,0,0
"단양군","돼지",8102,2673,5011,418,0,0,0,0,0,0,0,0
"단양군","닭오리",22257,9928,0,0,0,0,0,0,0,0,0,12329
"천안시","합계",823561,554429,17981,141526,0,34118,0,0,75507,0,0,0
"천안시","한육우",84868,83251,0,0,0,0,0,0,1617,0,0,0
"천안시","젖소",183207,181398,0,0,0,1809,0,0,0,0,0,0
"천안시","돼지",299872,107575,17981,141526,0,32309,0,0,481,0,0,0
"천안시","닭오리",255613,182204,0,0,0,0,0,0,73409,0,0,0
"공주시","합계",730814,562201,0,0,38818,67932,0,0,0,61863,0,0
"공주시","한육우",227923,193233,0,0,0,0,0,0,0,34690,0,0
"공주시","젖소",55083,55083,0,0,0,0,0,0,0,0,0,0
"공주시","돼지",232334,98411,0,0,38818,67932,0,0,0,27173,0,0
"공주시","닭오리",215474,215474,0,0,0,0,0,0,0,0,0,0
"서산시","합계",379810,297272,7383,27177,0,0,0,0,0,22634,0,25344
"서산시","한육우",119087,119087,0,0,0,0,0,0,0,0,0,0
"서산시","젖소",55235,55235,0,0,0,0,0,0,0,0,0,0
"서산시","돼지",97465,14927,7383,27177,0,0,0,0,0,22634,0,25344
"서산시","닭오리",108023,108023,0,0,0,0,0,0,0,0,0,0
"논산시","합계",1765406,593410,44067,29638,347093,67920,0,0,683278,0,0,0
"논산시","한육우",120092,105344,0,0,14748,0,0,0,0,0,0,0
"논산시","젖소",56129,46224,8254,0,1651,0,0,0,0,0,0,0
"논산시","돼지",322620,96632,35812,29638,92618,67920,0,0,0,0,0,0
"논산시","닭오리",1266564,345210,0,0,238076,0,0,0,683278,0,0,0
"당진시","합계",1032657,646184,155701,116776,62753,18650,0,0,0,8881,0,23712
"당진시","한육우",138764,138764,0,0,0,0,0,0,0,0,0,0
"당진시","젖소",190404,161398,0,0,29006,0,0,0,0,0,0,0
"당진시","돼지",474243,116776,155701,116776,33747,18650,0,0,0,8881,0,23712
"당진시","닭오리",229246,229246,0,0,0,0,0,0,0,0,0,0
"금산군","합계",148390,124061,0,9759,0,4812,0,0,0,7575,0,2183
"금산군","한육우",42479,42479,0,0,0,0,0,0,0,0,0,0
"금산군","젖소",32447,32447,0,0,0,0,0,0,0,0,0,0
"금산군","돼지",44136,19807,0,9759,0,4812,0,0,0,7575,0,2183
"금산군","닭오리",29327,29327,0,0,0,0,0,0,0,0,0,0
"부여군","합계",522139,222800,27793,0,14089,0,0,0,225146,5983,0,26328
"부여군","한육우",120912,120912,0,0,0,0,0,0,0,0,0,0
"부여군","젖소",38653,38653,0,0,0,0,0,0,0,0,0,0
"부여군","돼지",92721,9264,27793,0,14089,0,0,0,9264,5983,0,26328
"부여군","닭오리",269853,53971,0,0,0,0,0,0,215882,0,0,0
"서천군","합계",196515,141816,4326,0,0,0,0,5172,22398,12978,0,9825
"서천군","한육우",61997,58897,0,0,0,0,0,0,0,0,0,3100
"서천군","젖소",19059,13805,0,0,0,0,0,4301,0,0,0,953
"서천군","돼지",22473,4045,4326,0,0,0,0,0,0,12978,0,1124
"서천군","닭오리",92986,65069,0,0,0,0,0,871,22398,0,0,4648
"청양군","합계",341381,294755,17539,23386,0,0,0,2722,0,2979,0,0
"청양군","한육우",93759,93173,0,0,0,0,0,586,0,0,0,0
"청양군","젖소",10651,10651,0,0,0,0,0,0,0,0,0,0
"청양군","돼지",101600,55560,17539,23386,0,0,0,2136,0,2979,0,0
"청양군","닭오리",135371,135371,0,0,0,0,0,0,0,0,0,0
"홍성군","합계",1423145,616465,0,479767,38013,60021,0,20007,52018,60821,96033,0
"홍성군","한육우",265227,265227,0,0,0,0,0,0,0,0,0,0
"홍성군","젖소",73027,73027,0,0,0,0,0,0,0,0,0,0
"홍성군","돼지",946729,140049,0,479767,38013,60021,0,20007,52018,60821,96033,0
"홍성군","닭오리",138163,138163,0,0,0,0,0,0,0,0,0,0
"예산군","합계",827251,469269,17493,0,122450,69972,12807,6405,23897,34986,0,69972
"예산군","한육우",208266,208266,0,0,0,0,0,0,0,0,0,0
"예산군","젖소",141045,141045,0,0,0,0,0,0,0,0,0,0
"예산군","돼지",349859,17493,17493,0,122450,69972,0,0,17493,34986,0,69972
"예산군","닭오리",128081,102465,0,0,0,0,12807,6405,6404,0,0,0
"태안군","합계",121352,112632,8720,0,0,0,0,0,0,0,0,0
"태안군","한육우",42579,42579,0,0,0,0,0,0,0,0,0,0
"태안군","젖소",31457,31457,0,0,0,0,0,0,0,0,0,0
"태안군","돼지",10929,2209,8720,0,0,0,0,0,0,0,0,0
"태안군","닭오리",36387,36387,0,0,0,0,0,0,0,0,0,0
"전주시","합계",30555,24004,0,0,0,0,0,0,0,6551,0,0
"전주시","한육우",2415,2415,0,0,0,0,0,0,0,0,0,0
"전주시","젖소",963,963,0,0,0,0,0,0,0,0,0,0
"전주시","돼지",6551,0,0,0,0,0,0,0,0,6551,0,0
"전주시","닭오리",20626,20626,0,0,0,0,0,0,0,0,0,0
"군산시","합계",129115,45999,24753,0,27470,0,0,0,30893,0,0,0
"군산시","한육우",30843,30843,0,0,0,0,0,0,0,0,0,0
"군산시","젖소",12439,12439,0,0,0,0,0,0,0,0,0,0
"군산시","돼지",54940,2717,24753,0,27470,0,0,0,0,0,0,0
"군산시","닭오리",30893,0,0,0,0,0,0,0,30893,0,0,0
"익산시","합계",5335336,198062,56015,0,37112,247416,78968,0,4671869,33893,0,12001
"익산시","한육우",159521,147869,0,0,0,0,11652,0,0,0,0,0
"익산시","젖소",28250,26187,0,0,0,0,2063,0,0,0,0,0
"익산시","돼지",428610,24006,56015,0,37112,247416,18167,0,0,33893,0,12001
"익산시","닭오리",4718954,0,0,0,0,0,47085,0,4671869,0,0,0
"정읍시","합계",1243976,580568,0,79060,129262,56107,0,0,346785,34936,0,17258
"정읍시","한육우",350635,350635,0,0,0,0,0,0,0,0,0,0
"정읍시","젖소",115341,115341,0,0,0,0,0,0,0,0,0,0
"정읍시","돼지",431215,114592,0,79060,129262,56107,0,0,0,34936,0,17258
"정읍시","닭오리",346785,0,0,0,0,0,0,0,346785,0,0,0
"남원시","합계",765155,184722,32012,15023,39816,0,0,18052,380308,43044,0,52178
"남원시","한육우",155216,122009,0,0,0,0,0,8302,24905,0,0,0
"남원시","젖소",48492,38742,0,0,0,0,0,9750,0,0,0,0
"남원시","돼지",206044,23971,32012,15023,39816,0,0,0,0,43044,0,52178
"남원시","닭오리",355402,0,0,0,0,0,0,0,355402,0,0,0
"김제시","합계",3493206,1274284,0,31747,62623,78279,0,0,1961331,84942,0,0
"김제시","한육우",189609,189609,0,0,0,0,0,0,0,0,0,0
"김제시","젖소",27645,27645,0,0,0,0,0,0,0,0,0,0
"김제시","돼지",386115,78077,0,31747,62623,78279,0,0,50447,84942,0,0
"김제시","닭오리",2889838,978953,0,0,0,0,0,0,1910885,0,0,0
"완주군","합계",352436,230931,410,0,0,19292,17392,0,6720,10448,0,67243
"완주군","한육우",135699,114881,0,0,0,0,15458,0,5360,0,0,0
"완주군","젖소",36479,36130,0,0,0,0,0,0,349,0,0,0
"완주군","돼지",105332,7328,410,0,0,19292,0,0,611,10448,0,67243
"완주군","닭오리",74926,72592,0,0,0,0,1934,0,400,0,0,0
"진안군","합계",320194,183579,5887,15042,10597,11775,0,0,83456,9858,0,0
"진안군","한육우",44439,44439,0,0,0,0,0,0,0,0,0,0
"진안군","젖소",13816,13816,0,0,0,0,0,0,0,0,0,0
"진안군","돼지",61990,8831,5887,15042,10597,11775,0,0,0,9858,0,0
"진안군","닭오리",199949,116493,0,0,0,0,0,0,83456,0,0,0
"무주군","합계",78325,33459,0,0,0,21029,0,23837,0,0,0,0
"무주군","한육우",41070,27380,0,0,0,0,0,13690,0,0,0,0
"무주군","젖소",8105,6079,0,0,0,0,0,2026,0,0,0,0
"무주군","돼지",21029,0,0,0,0,21029,0,0,0,0,0,0
"무주군","닭오리",8121,0,0,0,0,0,0,8121,0,0,0,0
"장수군","합계",252002,223071,0,131,0,11495,0,17305,0,0,0,0
"장수군","한육우",129348,112043,0,0,0,0,0,17305,0,0,0,0
"장수군","젖소",2367,2367,0,0,0,0,0,0,0,0,0,0
"장수군","돼지",69022,57396,0,131,0,11495,0,0,0,0,0,0
"장수군","닭오리",51265,51265,0,0,0,0,0,0,0,0,0,0
"임실군","합계",446459,234811,33064,0,0,16533,0,0,112455,49596,0,0
"임실군","한육우",83458,50075,0,0,0,0,0,0,33383,0,0,0
"임실군","젖소",59308,35585,0,0,0,0,0,0,23723,0,0,0
"임실군","돼지",165320,66127,33064,0,0,16533,0,0,0,49596,0,0
"임실군","닭오리",138373,83024,0,0,0,0,0,0,55349,0,0,0
"순창군","합계",298824,95939,0,0,22700,0,0,0,163122,17063,0,0
"순창군","한육우",92719,92719,0,0,0,0,0,0,0,0,0,0
"순창군","젖소",27934,2502,0,0,0,0,0,0,25432,0,0,0
"순창군","돼지",40481,718,0,0,22700,0,0,0,0,17063,0,0
"순창군","닭오리",137689,0,0,0,0,0,0,0,137689,0,0,0
"고창군","합계",731247,582538,58920,0,0,17255,21676,998,2852,32157,0,14851
"고창군","한육우",120593,98030,0,0,0,0,21676,591,296,0,0,0
"고창군","젖소",119262,119262,0,0,0,0,0,0,0,0,0,0
"고창군","돼지",148518,22982,58920,0,0,17255,0,0,2353,32157,0,14851
"고창군","닭오리",342874,342264,0,0,0,0,0,407,203,0,0,0
"부안군","합계",411937,122942,0,0,32084,13368,0,0,225306,13781,0,4456
"부안군","한육우",104750,104750,0,0,0,0,0,0,0,0,0,0
"부안군","젖소",18191,18191,0,0,0,0,0,0,0,0,0,0
"부안군","돼지",63689,0,0,0,32084,13368,0,0,0,13781,0,4456
"부안군","닭오리",225306,0,0,0,0,0,0,0,225306,0,0,0
"여수시","합계",65169,53786,11383,0,0,0,0,0,0,0,0,0
"여수시","한육우",27508,27508,0,0,0,0,0,0,0,0,0,0
"여수시","젖소",0,0,0,0,0,0,0,0,0,0,0,0
"여수시","돼지",11383,0,11383,0,0,0,0,0,0,0,0,0
"여수시","닭오리",26278,26278,0,0,0,0,0,0,0,0,0,0
"순천시","합계",289113,167551,5385,0,0,9038,30767,0,42398,9038,0,24936
"순천시","한육우",70987,35134,0,0,0,0,4971,0,23786,0,0,7096
"순천시","젖소",57285,20807,0,0,0,0,19668,0,11081,0,0,5729
"순천시","돼지",81814,40301,5385,0,0,9038,2342,0,7531,9038,0,8179
"순천시","닭오리",79025,71308,0,0,0,0,3785,0,0,0,0,3932
"나주시","합계",1092036,847615,0,66034,46365,66034,0,0,0,65988,0,0
"나주시","한육우",218682,218682,0,0,0,0,0,0,0,0,0,0
"나주시","젖소",110703,110703,0,0,0,0,0,0,0,0,0,0
"나주시","돼지",244421,0,0,66034,46365,66034,0,0,0,65988,0,0
"나주시","닭오리",518230,518230,0,0,0,0,0,0,0,0,0,0
"광양시","합계",39074,22924,10552,0,0,0,0,0,0,2139,0,3459
"광양시","한육우",17332,15605,0,0,0,0,0,0,0,0,0,1727
"광양시","젖소",2931,2647,0,0,0,0,0,0,0,0,0,284
"광양시","돼지",14097,0,10552,0,0,0,0,0,0,2139,0,1406
"광양시","닭오리",4714,4672,0,0,0,0,0,0,0,0,0,42
"담양군","합계",303617,94261,0,0,0,0,26738,0,135646,22147,22911,1914
"담양군","한육우",127183,82730,0,0,0,0,8155,0,35067,0,0,1231
"담양군","젖소",11531,11531,0,0,0,0,0,0,0,0,0,0
"담양군","돼지",64323,0,0,0,0,0,18583,0,0,22147,22911,682
"담양군","닭오리",100579,0,0,0,0,0,0,0,100579,0,0,0
"곡성군","합계",243820,179963,26136,0,0,0,0,0,10841,0,0,26880
"곡성군","한육우",62237,49102,0,0,0,0,0,0,6145,0,0,6990
"곡성군","젖소",19457,16529,0,0,0,0,0,0,0,0,0,2928
"곡성군","돼지",29723,0,26136,0,0,0,0,0,624,0,0,2963
"곡성군","닭오리",132405,114332,0,0,0,0,0,0,4073,0,0,14000
"구례군","합계",112298,90333,0,0,0,0,0,0,0,21965,0,0
"구례군","한육우",35904,35904,0,0,0,0,0,0,0,0,0,0
"구례군","젖소",4403,4403,0,0,0,0,0,0,0,0,0,0
"구례군","돼지",36608,14643,0,0,0,0,0,0,0,21965,0,0
"구례군","닭오리",35383,35383,0,0,0,0,0,0,0,0,0,0
"고흥군","합계",618341,241414,107018,53509,0,0,0,0,47944,168456,0,0
"고흥군","한육우",161681,129345,0,0,0,0,0,0,32336,0,0,0
"고흥군","젖소",24095,24095,0,0,0,0,0,0,0,0,0,0
"고흥군","돼지",411228,82245,107018,53509,0,0,0,0,0,168456,0,0
"고흥군","닭오리",21338,5730,0,0,0,0,0,0,15608,0,0,0
"보성군","합계",217231,74034,2527,2527,0,12122,0,10094,60812,25278,0,29837
"보성군","한육우",90869,54521,0,0,0,0,0,4543,13631,0,0,18174
"보성군","젖소",20296,14207,0,0,0,0,0,0,0,0,0,6089
"보성군","돼지",50555,2527,2527,2527,0,12122,0,0,0,25278,0,5574
"보성군","닭오리",55510,2777,0,0,0,0,0,5551,47182,0,0,0
"화순군","합계",262855,90143,18615,0,0,0,0,52471,0,95597,0,6029
"화순군","한육우",70312,54845,0,0,0,0,0,14061,0,0,0,1406
"화순군","젖소",29984,29085,0,0,0,0,0,0,0,0,0,899
"화순군","돼지",124149,6213,18615,0,0,0,0,0,0,95597,0,3724
"화순군","닭오리",38409,0,0,0,0,0,0,38409,0,0,0,0
"장흥군","합계",356985,101780,10157,0,0,0,26080,73690,40977,20317,0,83984
"장흥군","한육우",241444,96577,0,0,0,0,26080,46355,0,0,0,72432
"장흥군","젖소",5780,5203,0,0,0,0,0,0,0,0,0,577
"장흥군","돼지",33859,0,10157,0,0,0,0,0,0,20317,0,3385
"장흥군","닭오리",75902,0,0,0,0,0,0,27335,40977,0,0,7590
"강진군","합계",248847,131734,0,63,0,0,0,0,96109,20941,0,0
"강진군","한육우",126423,126423,0,0,0,0,0,0,0,0,0,0
"강진군","젖소",5312,5312,0,0,0,0,0,0,0,0,0,0
"강진군","돼지",21004,0,0,63,0,0,0,0,0,20941,0,0
"강진군","닭오리",96109,0,0,0,0,0,0,0,96109,0,0,0
"해남군","합계",415925,391245,0,0,12421,12259,0,0,0,0,0,0
"해남군","한육우",194929,194929,0,0,0,0,0,0,0,0,0,0
"해남군","젖소",21508,21508,0,0,0,0,0,0,0,0,0,0
"해남군","돼지",97900,73220,0,0,12421,12259,0,0,0,0,0,0
"해남군","닭오리",101588,101588,0,0,0,0,0,0,0,0,0,0
"영암군","합계",542227,262873,7919,6544,0,0,0,24264,129786,41193,15423,54225
"영암군","한육우",193984,174585,0,0,0,0,0,0,0,0,0,19399
"영암군","젖소",57230,51507,0,0,0,0,0,0,0,0,0,5723
"영암군","돼지",80147,1052,7919,6544,0,0,0,0,0,41193,15423,8016
"영암군","닭오리",210865,35728,0,0,0,0,0,24264,129786,0,0,21087
"무안군","합계",763617,169463,60167,0,44833,38239,0,93523,145636,137135,0,74621
"무안군","한육우",159806,122221,0,0,0,0,0,22109,0,0,0,15476
"무안군","젖소",9453,8567,0,0,0,0,0,0,0,0,0,886
"무안군","돼지",370039,0,60167,0,44833,38239,0,52744,0,137135,0,36921
"무안군","닭오리",224319,38675,0,0,0,0,0,18670,145636,0,0,21338
"함평군","합계",1024269,733860,34501,0,27014,12218,108755,0,78715,6674,0,22532
"함평군","한육우",626383,519733,0,0,0,0,92871,0,0,0,0,13779
"함평군","젖소",57368,49120,0,0,0,0,6986,0,0,0,0,1262
"함평군","돼지",110457,18721,34501,0,27014,12218,8899,0,0,6674,0,2430
"함평군","닭오리",230061,146285,0,0,0,0,0,0,78715,0,0,5061
"영광군","합계",366272,286916,45052,19860,14444,0,0,0,0,0,0,0
"영광군","한육우",102895,102895,0,0,0,0,0,0,0,0,0,0
"영광군","젖소",27700,27700,0,0,0,0,0,0,0,0,0,0
"영광군","돼지",79356,0,45052,19860,14444,0,0,0,0,0,0,0
"영광군","닭오리",156321,156321,0,0,0,0,0,0,0,0,0,0
"장성군","합계",188307,54273,8104,0,41280,0,0,35443,8682,0,0,40525
"장성군","한육우",102730,41085,0,0,0,0,0,29660,0,0,0,31985
"장성군","젖소",14642,13188,0,0,0,0,0,0,0,0,0,1454
"장성군","돼지",54864,0,8104,0,41280,0,0,0,0,0,0,5480
"장성군","닭오리",16070,0,0,0,0,0,0,5782,8682,0,0,1606
"완도군","합계",49357,47733,0,0,0,0,0,0,0,1624,0,0
"완도군","한육우",47005,47005,0,0,0,0,0,0,0,0,0,0
"완도군","젖소",0,0,0,0,0,0,0,0,0,0,0,0
"완도군","돼지",2320,696,0,0,0,0,0,0,0,1624,0,0
"완도군","닭오리",32,32,0,0,0,0,0,0,0,0,0,0
"진도군","합계",36773,21200,9596,0,0,0,0,5977,0,0,0,0
"진도군","한육우",14347,8370,0,0,0,0,0,5977,0,0,0,0
"진도군","젖소",0,0,0,0,0,0,0,0,0,0,0,0
"진도군","돼지",9596,0,9596,0,0,0,0,0,0,0,0,0
"진도군","닭오리",12831,12831,0,0,0,0,0,0,0,0,0,0
"신안군","합계",87255,46140,7416,0,0,0,21958,0,0,0,0,11741
"신안군","한육우",54971,29684,0,0,0,0,13615,0,0,0,0,11672
"신안군","젖소",0,0,0,0,0,0,0,0,0,0,0,0
"신안군","돼지",31627,15812,7416,0,0,0,8343,0,0,0,0,56
"신안군","닭오리",657,644,0,0,0,0,0,0,0,0,0,13
"포항시","합계",229753,185930,6303,0,0,0,0,0,11364,20415,0,5741
"포항시","한육우",112191,104211,0,0,0,0,0,0,4758,0,0,3222
"포항시","젖소",23090,22398,0,0,0,0,0,0,0,0,0,692
"포항시","돼지",60884,31411,6303,0,0,0,0,0,929,20415,0,1826
"포항시","닭오리",33587,27910,0,0,0,0,0,0,5677,0,0,0
"경주시","합계",870387,737606,0,46878,0,28648,0,0,0,56427,0,828
"경주시","한육우",345530,345530,0,0,0,0,0,0,0,0,0,0
"경주시","젖소",209958,209958,0,0,0,0,0,0,0,0,0,0
"경주시","돼지",221302,88521,0,46878,0,28648,0,0,0,56427,0,828
"경주시","닭오리",93598,93598,0,0,0,0,0,0,0,0,0,0
"김천시","합계",559919,447418,0,18308,0,8791,0,23775,54692,6935,0,0
"김천시","한육우",194510,148693,0,0,0,0,0,23775,22042,0,0,0
"김천시","젖소",76371,76371,0,0,0,0,0,0,0,0,0,0
"김천시","돼지",68319,27239,0,18308,0,8791,0,0,7046,6935,0,0
"김천시","닭오리",220719,195115,0,0,0,0,0,0,25604,0,0,0
"안동시","합계",598686,483880,3870,69887,15869,9698,0,0,0,15482,0,0
"안동시","한육우",278573,278573,0,0,0,0,0,0,0,0,0,0
"안동시","젖소",7045,7045,0,0,0,0,0,0,0,0,0,0
"안동시","돼지",164009,49203,3870,69887,15869,9698,0,0,0,15482,0,0
"안동시","닭오리",149058,149058,0,0,0,0,0,0,0,0,0,0
"구미시","합계",291837,252835,8435,0,0,21508,0,0,0,9059,0,0
"구미시","한육우",171107,171107,0,0,0,0,0,0,0,0,0,0
"구미시","젖소",19512,19512,0,0,0,0,0,0,0,0,0,0
"구미시","돼지",69650,30648,8435,0,0,21508,0,0,0,9059,0,0
"구미시","닭오리",31567,31567,0,0,0,0,0,0,0,0,0,0
"영주시","합계",518530,240831,40495,49995,0,0,0,0,181295,5914,0,0
"영주시","한육우",229297,211233,0,0,0,0,0,0,18064,0,0,0
"영주시","젖소",15934,14837,0,0,0,0,0,0,1097,0,0,0
"영주시","돼지",107292,6634,40495,49995,0,0,0,0,4254,5914,0,0
"영주시","닭오리",166006,8126,0,0,0,0,0,0,157880,0,0,0
"영천시","합계",630315,392078,31869,127880,0,21234,0,0,37864,19389,0,1
"영천시","한육우",211811,211811,0,0,0,0,0,0,0,0,0,0
"영천시","젖소",41034,41034,0,0,0,0,0,0,0,0,0,0
"영천시","돼지",286246,48009,31869,127880,0,21234,0,0,37864,19389,0,1
"영천시","닭오리",91224,91224,0,0,0,0,0,0,0,0,0,0
"상주시","합계",645600,405655,1902,12364,0,66577,0,0,151493,7609,0,0
"상주시","한육우",340589,340589,0,0,0,0,0,0,0,0,0,0
"상주시","젖소",39493,39493,0,0,0,0,0,0,0,0,0,0
"상주시","돼지",98680,10228,1902,12364,0,66577,0,0,0,7609,0,0
"상주시","닭오리",166838,15345,0,0,0,0,0,0,151493,0,0,0
"문경시","합계",279669,243852,0,0,0,29515,0,0,2483,0,3819,0
"문경시","한육우",145045,144157,0,0,0,0,0,0,888,0,0,0
"문경시","젖소",18247,14428,0,0,0,0,0,0,0,0,3819,0
"문경시","돼지",67615,36505,0,0,0,29515,0,0,1595,0,0,0
"문경시","닭오리",48762,48762,0,0,0,0,0,0,0,0,0,0
"경산시","합계",313714,263524,1555,0,0,11341,0,2561,0,34733,0,0
"경산시","한육우",171567,170685,0,0,0,0,0,882,0,0,0,0
"경산시","젖소",39672,39672,0,0,0,0,0,0,0,0,0,0
"경산시","돼지",85584,36276,1555,0,0,11341,0,1679,0,34733,0,0
"경산시","닭오리",16891,16891,0,0,0,0,0,0,0,0,0,0
"군위군","합계",309139,198904,58675,16002,18930,14703,0,0,0,1925,0,0
"군위군","한육우",85293,85153,0,0,140,0,0,0,0,0,0,0
"군위군","젖소",16802,16802,0,0,0,0,0,0,0,0,0,0
"군위군","돼지",137590,32005,58675,16002,14280,14703,0,0,0,1925,0,0
"군위군","닭오리",69453,64944,0,0,4509,0,0,0,0,0,0,0
"의성군","합계",500697,418817,2555,0,0,18639,0,3602,0,57084,0,0
"의성군","한육우",163796,162954,0,0,0,0,0,842,0,0,0,0
"의성군","젖소",11930,11930,0,0,0,0,0,0,0,0,0,0
"의성군","돼지",140658,59620,2555,0,0,18639,0,2760,0,57084,0,0
"의성군","닭오리",184312,184312,0,0,0,0,0,0,0,0,0,0
"영양군","합계",24209,24209,0,0,0,0,0,0,0,0,0,0
"영양군","한육우",21132,21132,0,0,0,0,0,0,0,0,0,0
"영양군","젖소",2202,2202,0,0,0,0,0,0,0,0,0,0
"영양군","돼지",318,318,0,0,0,0,0,0,0,0,0,0
"영양군","닭오리",557,557,0,0,0,0,0,0,0,0,0,0
"영덕군","합계",57774,47336,3274,7102,0,0,0,0,0,0,0,62
"영덕군","한육우",33593,33593,0,0,0,0,0,0,0,0,0,0
"영덕군","젖소",1555,1555,0,0,0,0,0,0,0,0,0,0
"영덕군","돼지",18220,7782,3274,7102,0,0,0,0,0,0,0,62
"영덕군","닭오리",4405,4405,0,0,0,0,0,0,0,0,0,0
"청도군","합계",196211,149513,11865,0,0,0,0,0,0,32507,0,2326
"청도군","한육우",117707,117707,0,0,0,0,0,0,0,0,0,0
"청도군","젖소",9467,9467,0,0,0,0,0,0,0,0,0,0
"청도군","돼지",58888,12190,11865,0,0,0,0,0,0,32507,0,2326
"청도군","닭오리",10148,10148,0,0,0,0,0,0,0,0,0,0
"고령군","합계",295106,152583,46383,31203,23613,21927,0,0,0,0,0,19397
"고령군","한육우",80648,80648,0,0,0,0,0,0,0,0,0,0
"고령군","젖소",8573,8573,0,0,0,0,0,0,0,0,0,0
"고령군","돼지",192909,50386,46383,31203,23613,21927,0,0,0,0,0,19397
"고령군","닭오리",12976,12976,0,0,0,0,0,0,0,0,0,0
"성주군","합계",271227,191787,28435,20734,20541,9730,0,0,0,0,0,0
"성주군","한육우",84968,84968,0,0,0,0,0,0,0,0,0,0
"성주군","젖소",17792,17792,0,0,0,0,0,0,0,0,0,0
"성주군","돼지",97472,18032,28435,20734,20541,9730,0,0,0,0,0,0
"성주군","닭오리",70994,70994,0,0,0,0,0,0,0,0,0,0
"칠곡군","합계",202982,136132,16457,0,23594,6102,14799,0,5898,0,0,0
"칠곡군","한육우",59961,57947,0,0,0,0,2014,0,0,0,0,0
"칠곡군","젖소",14628,14048,0,0,0,0,580,0,0,0,0,0
"칠곡군","돼지",46969,12205,16457,0,0,6102,12205,0,0,0,0,0
"칠곡군","닭오리",81425,51933,0,0,23594,0,0,0,5898,0,0,0
"예천군","합계",312496,272906,1963,0,0,20148,0,0,0,17479,0,0
"예천군","한육우",191104,170956,0,0,0,20148,0,0,0,0,0,0
"예천군","젖소",9109,9109,0,0,0,0,0,0,0,0,0,0
"예천군","돼지",70104,50662,1963,0,0,0,0,0,0,17479,0,0
"예천군","닭오리",42179,42179,0,0,0,0,0,0,0,0,0,0
"봉화군","합계",234945,180251,13208,6457,0,0,0,0,25702,9327,0,0
"봉화군","한육우",110126,102408,0,0,0,0,0,0,7718,0,0,0
"봉화군","젖소",2614,2614,0,0,0,0,0,0,0,0,0,0
"봉화군","돼지",38657,9665,13208,6457,0,0,0,0,0,9327,0,0
"봉화군","닭오리",83547,65564,0,0,0,0,0,0,17983,0,0,0
"울진군","합계",64893,59691,3269,0,0,0,1933,0,0,0,0,0
"울진군","한육우",53380,51447,0,0,0,0,1933,0,0,0,0,0
"울진군","젖소",0,0,0,0,0,0,0,0,0,0,0,0
"울진군","돼지",9622,6353,3269,0,0,0,0,0,0,0,0,0
"울진군","닭오리",1891,1891,0,0,0,0,0,0,0,0,0,0
"울릉군","합계",1864,1490,0,0,0,0,0,0,0,0,0,374
"울릉군","한육우",1860,1488,0,0,0,0,0,0,0,0,0,372
"울릉군","젖소",0,0,0,0,0,0,0,0,0,0,0,0
"울릉군","돼지",0,0,0,0,0,0,0,0,0,0,0,0
"울릉군","닭오리",4,2,0,0,0,0,0,0,0,0,0,2
"창원시","합계",216080,50800,0,0,0,26052,0,0,110080,22666,0,6482
"창원시","한육우",55110,25902,0,0,0,0,0,0,27555,0,0,1653
"창원시","젖소",49249,23147,0,0,0,0,0,0,24625,0,0,1477
"창원시","돼지",104466,381,0,0,0,26052,0,0,52233,22666,0,3134
"창원시","닭오리",7254,1370,0,0,0,0,0,0,5667,0,0,217
"진주시","합계",204232,129898,21693,1344,18459,0,0,0,17141,15697,0,0
"진주시","한육우",57526,48920,0,0,0,0,0,0,8606,0,0,0
"진주시","젖소",25650,23978,0,0,0,0,0,0,1672,0,0,0
"진주시","돼지",81703,24510,21693,1344,18459,0,0,0,0,15697,0,0
"진주시","닭오리",39353,32490,0,0,0,0,0,0,6863,0,0,0
"통영시","합계",21466,7691,0,0,0,13775,0,0,0,0,0,0
"통영시","한육우",6131,6131,0,0,0,0,0,0,0,0,0,0
"통영시","젖소",0,0,0,0,0,0,0,0,0,0,0,0
"통영시","돼지",13775,0,0,0,0,13775,0,0,0,0,0,0
"통영시","닭오리",1560,1560,0,0,0,0,0,0,0,0,0,0
"사천시","합계",165332,104449,7771,22433,0,2980,0,4841,13352,9506,0,0
"사천시","한육우",58576,58576,0,0,0,0,0,0,0,0,0,0
"사천시","젖소",52648,43582,4550,0,0,0,0,4516,0,0,0,0
"사천시","돼지",40757,2291,3222,22433,0,2980,0,325,0,9506,0,0
"사천시","닭오리",13352,0,0,0,0,0,0,0,13352,0,0,0
"김해시","합계",132778,132778,0,0,0,0,0,0,0,0,0,0
"김해시","한육우",0,0,0,0,0,0,0,0,0,0,0,0
"김해시","젖소",0,0,0,0,0,0,0,0,0,0,0,0
"김해시","돼지",132778,132778,0,0,0,0,0,0,0,0,0,0
"김해시","닭오리",0,0,0,0,0,0,0,0,0,0,0,0
"밀양시","합계",353795,102379,91475,0,12229,22013,0,33666,92033,0,0,0
"밀양시","한육우",129043,72097,0,0,0,0,0,25406,31540,0,0,0
"밀양시","젖소",22114,9980,0,0,0,0,0,0,12134,0,0,0
"밀양시","돼지",141031,6677,91475,0,12229,22013,0,0,8637,0,0,0
"밀양시","닭오리",61607,13626,0,0,0,0,0,8259,39722,0,0,0
"거제시","합계",35699,29047,6652,0,0,0,0,0,0,0,0,0
"거제시","한육우",14886,14886,0,0,0,0,0,0,0,0,0,0
"거제시","젖소",0,0,0,0,0,0,0,0,0,0,0,0
"거제시","돼지",7152,500,6652,0,0,0,0,0,0,0,0,0
"거제시","닭오리",13661,13661,0,0,0,0,0,0,0,0,0,0
"양산시","합계",216221,146022,6269,16824,23553,23553,0,0,0,0,0,0
"양산시","한육우",18212,18212,0,0,0,0,0,0,0,0,0,0
"양산시","젖소",29571,29571,0,0,0,0,0,0,0,0,0,0
"양산시","돼지",120192,49993,6269,16824,23553,23553,0,0,0,0,0,0
"양산시","닭오리",48246,48246,0,0,0,0,0,0,0,0,0,0
"의령군","합계",234208,167673,17436,0,0,25679,0,0,0,0,0,23420
"의령군","한육우",81458,73313,0,0,0,0,0,0,0,0,0,8145
"의령군","젖소",35296,31766,0,0,0,0,0,0,0,0,0,3530
"의령군","돼지",86433,34676,17436,0,0,25679,0,0,0,0,0,8642
"의령군","닭오리",31020,27918,0,0,0,0,0,0,0,0,0,3102
"함안군","합계",304959,53903,9795,32279,0,54095,0,0,64472,30609,0,59806
"함안군","한육우",59011,32802,0,0,0,0,0,0,14814,0,0,11395
"함안군","젖소",43772,9352,0,0,0,0,0,0,25687,0,0,8733
"함안군","돼지",170755,10585,9795,32279,0,54095,0,0,0,30609,0,33392
"함안군","닭오리",31421,1164,0,0,0,0,0,0,23972,0,0,6285
"창녕군","합계",424137,107968,10185,10033,21123,20701,0,19736,228847,0,0,5544
"창녕군","한육우",138234,76582,0,0,0,0,0,12512,46258,0,0,2882
"창녕군","젖소",22168,13369,0,0,0,0,0,0,8799,0,0,0
"창녕군","돼지",71818,908,10185,10033,21123,20701,0,1215,4991,0,0,2662
"창녕군","닭오리",191917,17108,0,0,0,0,0,6009,168800,0,0,0
"고성군","합계",313745,137962,85736,0,0,0,0,0,57707,9766,9494,13080
"고성군","한육우",92064,92064,0,0,0,0,0,0,0,0,0,0
"고성군","젖소",48657,23723,0,0,0,0,0,0,24934,0,0,0
"고성군","돼지",131156,13080,85736,0,0,0,0,0,0,9766,9494,13080
"고성군","닭오리",41867,9094,0,0,0,0,0,0,32773,0,0,0
"남해군","합계",82054,75995,6059,0,0,0,0,0,0,0,0,0
"남해군","한육우",64151,64151,0,0,0,0,0,0,0,0,0,0
"남해군","젖소",6839,6839,0,0,0,0,0,0,0,0,0,0
"남해군","돼지",6515,456,6059,0,0,0,0,0,0,0,0,0
"남해군","닭오리",4549,4549,0,0,0,0,0,0,0,0,0,0
"하동군","합계",153605,82306,7136,0,33193,0,0,30970,0,0,0,0
"하동군","한육우",77933,62346,0,0,0,0,0,15587,0,0,0,0
"하동군","젖소",21975,6592,0,0,0,0,0,15383,0,0,0,0
"하동군","돼지",42232,1903,7136,0,33193,0,0,0,0,0,0,0
"하동군","닭오리",11464,11464,0,0,0,0,0,0,0,0,0,0
"산청군","합계",180217,111412,24675,2847,0,24200,0,17083,0,0,0,0
"산청군","한육우",55536,55536,0,0,0,0,0,0,0,0,0,0
"산청군","젖소",22498,22498,0,0,0,0,0,0,0,0,0,0
"산청군","돼지",73365,4560,24675,2847,0,24200,0,17083,0,0,0,0
"산청군","닭오리",28817,28817,0,0,0,0,0,0,0,0,0,0
"함양군","합계",176279,67953,22305,0,18587,18587,0,25817,0,0,0,23030
"함양군","한육우",57401,22978,0,0,0,0,0,25817,0,0,0,8606
"함양군","젖소",10568,9519,0,0,0,0,0,0,0,0,0,1049
"함양군","돼지",68996,0,22305,0,18587,18587,0,0,0,0,0,9517
"함양군","닭오리",39315,35457,0,0,0,0,0,0,0,0,0,3858
"거창군","합계",403347,203790,27210,16440,42466,24450,0,0,0,27667,0,61324
"거창군","한육우",149395,88457,0,0,0,0,0,0,0,0,0,60938
"거창군","젖소",10320,9934,0,0,0,0,0,0,0,0,0,386
"거창군","돼지",142319,4086,27210,16440,42466,24450,0,0,0,27667,0,0
"거창군","닭오리",101313,101313,0,0,0,0,0,0,0,0,0,0
"합천군","합계",488908,256821,111226,6952,29944,43656,0,0,7421,27940,4948,0
"합천군","한육우",189729,189729,0,0,0,0,0,0,0,0,0,0
"합천군","젖소",0,0,0,0,0,0,0,0,0,0,0,0
"합천군","돼지",252942,20855,111226,6952,29944,43656,0,0,7421,27940,4948,0
"합천군","닭오리",46237,46237,0,0,0,0,0,0,0,0,0,0
"제주시","합계",878615,363133,0,0,188355,34845,0,0,0,154439,0,137843
"제주시","한육우",93084,93084,0,0,0,0,0,0,0,0,0,0
"제주시","젖소",61124,61124,0,0,0,0,0,0,0,0,0,0
"제주시","돼지",621062,105580,0,0,188355,34845,0,0,0,154439,0,137843
"제주시","닭오리",103345,103345,0,0,0,0,0,0,0,0,0,0
"서귀포시","합계",321236,95241,70959,0,70179,37429,0,0,0,0,0,47428
"서귀포시","한육우",82313,48032,0,0,0,0,0,0,0,0,0,34281
"서귀포시","젖소",1376,705,0,0,0,0,0,0,0,0,0,671
"서귀포시","돼지",213656,22613,70959,0,70179,37429,0,0,0,0,0,12476
"서귀포시","닭오리",23890,23890,0,0,0,0,0,0,0,0,0,0
